50
35005211
149798315
233665123
278722862
294702567
304089172
336465782
424238335
468703135
521595368
596516649
608413784
628175011
635723058
719885386
756898537
783368690
846930886
859484421
861021530
1025202362
1059961393
1101513929
1102520059
1125898167
1131176229
1189641421
1303455736
1315634022
1350490027
1365180540
1369133069
1540383426
1649760492
1653377373
1656478042
1681692777
1714636915
1726956429
1734575198
1801979802
1804289383
1914544919
1957747793
1967513926
1973594324
2038664370
2044897763
2089018456
2145174067
